3.090476
3.076354
3.054526
3.040333
3.118391
3.189578
3.131416
3.133625
3.146651
3.121358
3.099657
3.091455
3.084730
3.080168
3.066818
3.066977
2.972030
2.900360
3.066040
2.908406
2.888420
2.893347
2.956686
2.953504
2.944634
2.957733
2.963390
2.954733
2.929986
2.920347
2.941279
2.958823
2.988245
3.099215
3.063531
2.982215
3.003998
3.113594
3.115084
3.122138
3.116536
3.112939
3.107817
3.096931
3.132748
3.178018
3.124201
3.115956
3.224692
3.090970
3.074549
3.080318
3.081245
3.084005
3.082142
3.079391
3.090765
3.089506
3.095051
